1305031910.7695 -0.8683 0.6026 1.5627 0.8219 -0.3912 0.1615 -0.3811
1305031910.7995 -0.8674 0.6100 1.5631 0.8246 -0.3835 0.1609 -0.3836
1305031910.8395 -0.8662 0.6201 1.5629 0.8281 -0.3743 0.1574 -0.3865
1305031910.8695 -0.8655 0.6280 1.5626 0.8323 -0.3645 0.1537 -0.3883
1305031910.8995 -0.8649 0.6360 1.5621 0.8362 -0.3558 0.1496 -0.3896
1305031910.9395 -0.8643 0.6464 1.5617 0.8369 -0.3484 0.1505 -0.3945
1305031910.9695 -0.8646 0.6551 1.5613 0.8377 -0.3402 0.1484 -0.4007
1305031910.9996 -0.8655 0.6638 1.5602 0.8423 -0.3304 0.1429 -0.4011
1305031911.0395 -0.8683 0.6750 1.5597 0.8489 -0.3146 0.1336 -0.4032
1305031911.0695 -0.8710 0.6837 1.5593 0.8541 -0.2993 0.1222 -0.4075
1305031911.0996 -0.8739 0.6915 1.5594 0.8588 -0.2846 0.1130 -0.4108
1305031911.1395 -0.8780 0.7009 1.5608 0.8619 -0.2679 0.1064 -0.4171
1305031911.1695 -0.8802 0.7079 1.5613 0.8622 -0.2577 0.1011 -0.4243
1305031911.1995 -0.8828 0.7145 1.5620 0.8648 -0.2483 0.0946 -0.4261
1305031911.2395 -0.8858 0.7238 1.5628 0.8660 -0.2343 0.0878 -0.4329
1305031911.2696 -0.8877 0.7305 1.5631 0.8688 -0.2245 0.0828 -0.4335
1305031911.2995 -0.8896 0.7375 1.5633 0.8705 -0.2156 0.0786 -0.4354
1305031911.3395 -0.8916 0.7468 1.5634 0.8711 -0.2047 0.0730 -0.4405
1305031911.3696 -0.8932 0.7531 1.5632 0.8717 -0.1982 0.0716 -0.4424
1305031911.3995 -0.8951 0.7596 1.5635 0.8717 -0.1925 0.0699 -0.4452
1305031911.4395 -0.8971 0.7683 1.5628 0.8709 -0.1863 0.0644 -0.4501
1305031911.4695 -0.8983 0.7749 1.5617 0.8700 -0.1816 0.0586 -0.4546
1305031911.4996 -0.9001 0.7818 1.5603 0.8685 -0.1757 0.0510 -0.4607
1305031911.5395 -0.9017 0.7892 1.5587 0.8691 -0.1686 0.0397 -0.4634
1305031911.5695 -0.9034 0.7954 1.5573 0.8670 -0.1639 0.0328 -0.4694
1305031911.5995 -0.9050 0.8018 1.5555 0.8635 -0.1559 0.0259 -0.4789
1305031911.6395 -0.9071 0.8093 1.5528 0.8641 -0.1431 0.0209 -0.4821
1305031911.6695 -0.9089 0.8148 1.5506 0.8647 -0.1320 0.0168 -0.4842
1305031911.6995 -0.9109 0.8201 1.5479 0.8657 -0.1221 0.0129 -0.4853
1305031911.7395 -0.9136 0.8267 1.5438 0.8671 -0.1077 0.0095 -0.4863
1305031911.7695 -0.9154 0.8312 1.5408 0.8690 -0.0985 0.0069 -0.4848
1305031911.7995 -0.9173 0.8355 1.5376 0.8706 -0.0908 0.0048 -0.4835
1305031911.8395 -0.9192 0.8406 1.5334 0.8736 -0.0793 -0.0010 -0.4801
1305031911.8695 -0.9206 0.8442 1.5305 0.8760 -0.0718 -0.0083 -0.4768
1305031911.8995 -0.9216 0.8470 1.5281 0.8781 -0.0643 -0.0164 -0.4738
1305031911.9395 -0.9226 0.8507 1.5252 0.8802 -0.0519 -0.0306 -0.4708
1305031911.9695 -0.9232 0.8528 1.5232 0.8824 -0.0399 -0.0448 -0.4666
1305031911.9995 -0.9233 0.8551 1.5212 0.8842 -0.0288 -0.0603 -0.4623
1305031912.0395 -0.9220 0.8574 1.5188 0.8857 -0.0204 -0.0765 -0.4574
1305031912.0695 -0.9208 0.8588 1.5176 0.8862 -0.0144 -0.0850 -0.4552
1305031912.0995 -0.9195 0.8596 1.5165 0.8876 -0.0066 -0.0892 -0.4519
1305031912.1395 -0.9182 0.8600 1.5161 0.8881 0.0086 -0.0907 -0.4505
1305031912.1697 -0.9171 0.8602 1.5157 0.8872 0.0219 -0.0897 -0.4521
1305031912.1996 -0.9161 0.8600 1.5156 0.8869 0.0343 -0.0873 -0.4523
1305031912.2395 -0.9143 0.8595 1.5159 0.8864 0.0483 -0.0828 -0.4529
1305031912.2695 -0.9129 0.8589 1.5163 0.8838 0.0562 -0.0802 -0.4574
1305031912.2996 -0.9109 0.8577 1.5172 0.8784 0.0620 -0.0785 -0.4674
1305031912.3395 -0.9079 0.8564 1.5184 0.8723 0.0675 -0.0798 -0.4776
1305031912.3695 -0.9053 0.8551 1.5192 0.8699 0.0704 -0.0811 -0.4813
1305031912.3996 -0.9029 0.8544 1.5200 0.8665 0.0778 -0.0853 -0.4857
