0 1.07005 0.9681 1.21527 0.821951 -0.391224 0.16151 0.381124
1 1.06323 0.97322 1.20862 0.827663 -0.383612 0.158179 0.377882
2 1.05997 0.974981 1.19956 0.831258 -0.380124 0.151768 0.376141
3 1.0555 0.977913 1.19121 0.83568 -0.37563 0.144505 0.373711
4 1.05509 0.977277 1.18331 0.840318 -0.371741 0.132854 0.371517
5 1.06393 0.974556 1.17436 0.843901 -0.369619 0.123733 0.368651
6 1.05261 0.983181 1.16422 0.848167 -0.364801 0.12383 0.363591
7 1.04028 0.985524 1.1591 0.853491 -0.359776 0.114711 0.359105
8 1.03629 0.99136 1.14599 0.856541 -0.355794 0.101889 0.359675
9 1.02195 0.99786 1.13573 0.86195 -0.351782 0.0875624 0.354436
10 1.02326 0.993542 1.12864 0.867153 -0.349856 0.0644464 0.348559
11 1.02254 0.992644 1.12064 0.873355 -0.343755 0.0486758 0.341634
12 1.0168 0.997181 1.11439 0.878098 -0.340444 0.0374919 0.334119
13 1.01314 0.999309 1.11041 0.881823 -0.33787 0.0255387 0.327992
14 1.01036 1.00176 1.10271 0.885133 -0.335149 0.0141952 0.322511
15 1.00703 1.00339 1.09852 0.888911 -0.330731 0.00165762 0.31694
16 1.00328 1.00446 1.09034 0.891468 -0.326859 -0.00848372 0.31365
17 1.00108 1.00538 1.0836 0.894222 -0.324263 -0.0185227 0.308021
18 1.00364 1.00363 1.07744 0.896916 -0.320919 -0.0277895 0.302951
19 0.998628 1.01125 1.06823 0.899385 -0.316656 -0.0306843 0.299822
20 0.991196 1.01126 1.06387 0.902022 -0.315604 -0.0348183 0.292469
21 0.984722 1.01472 1.05647 0.90271 -0.317072 -0.0400059 0.288063
22 0.977209 1.0202 1.0497 0.903458 -0.319451 -0.0474969 0.281885
23 0.977737 1.0173 1.04528 0.904342 -0.321866 -0.058604 0.274106
24 0.975834 1.02024 1.03762 0.904407 -0.325066 -0.0653209 0.268538
25 0.96898 1.02547 1.03029 0.906374 -0.325539 -0.0734707 0.259063
26 0.968106 1.02374 1.0274 0.908773 -0.321901 -0.0855582 0.251377
27 0.964067 1.02309 1.02297 0.910995 -0.31705 -0.0954621 0.245874
28 0.95579 1.02501 1.01982 0.913072 -0.311471 -0.104494 0.241591
29 0.950552 1.0265 1.01634 0.914795 -0.30506 -0.113809 0.239032
30 0.941504 1.0292 1.01493 0.916489 -0.297985 -0.121235 0.237811
31 0.935117 1.02941 1.01171 0.917459 -0.292408 -0.127982 0.23746
32 0.923847 1.03456 1.01093 0.917866 -0.287023 -0.134049 0.239104
33 0.917414 1.03551 1.00976 0.916962 -0.284485 -0.144554 0.239487
34 0.911974 1.0366 1.00626 0.915246 -0.283296 -0.155602 0.240533
35 0.900365 1.04113 1.00537 0.91359 -0.281649 -0.16694 0.241159
36 0.891885 1.04472 1.00454 0.911004 -0.280516 -0.182914 0.240677
37 0.888983 1.0441 1.00337 0.906815 -0.281081 -0.203266 0.239505
38 0.880486 1.0469 1.00416 0.902845 -0.282034 -0.216918 0.2414
39 0.874197 1.04713 1.00255 0.899545 -0.284121 -0.227151 0.241862
40 0.858403 1.05667 1.00663 0.899504 -0.280081 -0.230263 0.243776
41 0.859084 1.05735 1.00433 0.899673 -0.272882 -0.23914 0.242768
42 0.859958 1.05603 1.00363 0.90182 -0.262837 -0.247798 0.237136
43 0.861066 1.05485 1.0026 0.904042 -0.250896 -0.255411 0.233506
44 0.862431 1.05419 1.00243 0.906512 -0.240164 -0.260523 0.229532
45 0.864705 1.05508 0.999921 0.908706 -0.231536 -0.264164 0.225526
46 0.868928 1.0844 0.987044 0.910267 -0.223165 -0.264466 0.227308
47 0.874565 1.11143 0.978649 0.911133 -0.218503 -0.265009 0.227735
48 0.875254 1.11029 0.980702 0.912745 -0.217611 -0.266277 0.220541
49 0.871467 1.11131 0.98598 0.914099 -0.215815 -0.269416 0.212749
